<?xml version="1.0"?>
<opencv_storage>
<classifications type_id="opencv-matrix">
  <rows>625</rows>
  <cols>1</cols>
  <dt>i</dt>
  <data>
    48 50 50 55 49 53 54 51 56 55 53 52 51 56 55 53 50 50 55 49 54 56 52
    57 57 56 49 57 56 55 54 49 56 54 52 57 57 56 57 56 55 52 55 49 49 48
    57 56 55 54 53 52 51 50 49 56 53 57 56 53 54 56 56 57 54 48 56 54 53
    57 56 53 54 48 57 57 54 55 49 53 55 57 54 48 53 51 50 50 51 52 56 48
    54 57 52 52 56 51 51 51 51 56 54 54 57 52 52 56 51 51 56 51 48 55 55
    53 52 49 50 48 50 52 56 57 54 51 51 54 53 52 57 56 55 54 50 51 54 56
    55 54 50 51 51 52 53 52 57 53 52 50 49 57 57 57 56 57 57 48 49 55 52
    55 53 49 52 48 57 56 54 50 51 57 57 48 52 50 49 57 57 57 56 52 54 52
    57 57 56 54 55 54 53 54 56 56 52 50 55 53 51 57 49 56 54 49 54 53 52
    54 52 57 57 49 49 54 53 53 52 51 50 49 49 55 55 52 53 48 57 56 51 52
    50 54 51 53 48 49 54 48 48 48 54 53 53 52 51 50 49 55 54 53 52 51 50
    49 48 57 56 55 53 52 55 53 50 52 51 49 50 48 56 57 54 53 51 50 49 48
    57 56 49 54 52 48 57 56 53 52 51 50 49 56 55 54 54 48 56 52 50 55 53
    51 57 49 49 57 55 54 53 52 51 50 48 56 57 57 57 57 57 57 57 57 57 57
    57 57 57 57 57 57 57 57 57 57 57 57 57 57 57 56 49 54 57 57 56 54 53
    50 49 56 56 56 56 56 56 56 56 56 56 56 56 56 56 56 56 56 56 56 56 56
    56 56 56 56 57 48 54 53 50 49 48 49 54 57 55 55 55 55 55 55 49 56 57
    56 55 54 53 52 51 50 48 48 48 48 48 48 48 48 48 48 48 48 48 48 48 48
    48 48 48 48 54 54 54 53 52 51 49 48 57 56 49 54 50 53 53 53 53 53 53
    53 53 53 53 56 53 53 53 53 53 53 53 53 53 53 52 52 52 52 52 52 52 52
    52 52 52 52 52 52 52 52 52 52 52 52 52 52 52 52 52 56 51 56 55 54 53
    52 51 50 49 51 50 55 48 51 56 55 54 53 52 51 57 51 51 50 51 51 51 51
    51 51 51 57 51 51 51 51 50 50 50 50 50 50 50 50 50 50 50 50 50 50 50
    50 50 50 50 50 50 50 50 50 49 49 56 56 57 56 56 56 55 54 49 49 49 49
    49 49 49 49 49 49 49 49 49 49 49 49 49 49 49 49 49 49 49 48 48 57 56
    56 56 55 54 55 48 48 48 48 48 48 48 48 48 48 48 48 48 48 48 48 48 48
    48 48 48 48 48 48 48 56 56 54 49 50 53 50 56 55 57 56 56 54 49 50 53
    50 48 49 57</data></classifications>
</opencv_storage>
